identity : 0.10602678571428571 / 0.140625 = 0.753968253968254
logistic : 0.11383928571428571 / 0.05133928571428571 = 2.217391304347826
tanh : 0.43080357142857145 / 0.109375 = 3.938775510204082
relu : 0.0390625 / 0.05803571428571429 = 0.673076923076923
